#############
#MIDDLE EAST#
#############

# Middle East 
colonial_middle_east = {
	color = { 45 106 38 }

	provinces = {
         #Egypt
		358 359 360 361 362 363 364 365
		1231 1233 1234
		2315 2316 2317 2318 2319 2320 2321 2322 2323 2324 2325
		4323 4320 4319 4318 4317 4316 
		 #Levant
		377 378 379 380 381 382 1854 1855 1849 405 2314 407 
		2313 2327 4270 4271 4297 4298 
		 #Turkey
		149 151 316 317 2296 318 319 2298 1848 321 322 323 324 325 326 327 328 329 330 
		2299 2300 2301 2302 2303 2304 1846 2305 418 332 2297 331 2306 2307 4310 4315 
		4313 4314 4307 4312 4311 4308 4309 4238 320 
         #Iraq
        408 2311 2312 409 410 406 2310 415 411 2308 2309 4294 2209 4291 4293
		4292 4295 4296 
		 #Arabia
		383 2328 384 2329 2330 385 2331 2332 386 2335 2336 2337 393 2338 2339 
		392 2340 394 2347 4268 4269 4272 4277 4273 4275 4274 
		#Yemen
		2346 391 390 387 388 389 402 2343 2344 2345 4282 4279 4281 4280 
		4283 4284 
		#Oman 
		401 2342 2341 400 4285 4287 4286 
		#Persian Gulf
		397 398 399 403 404 2333 395 396 2217 4342 412 4289 4290 4288 413 
		
		#Georgia
		1856 422 423 419 2204 2196 462 4302 4303 4301 
	}
	
	names = {
		trigger = {
			culture_group = south_anglo
		}
		name = "colonial_middle_east_I_Rack"
	}

    names = {
		name = "colonial_middle_east_root_getadjective_middle_east"
	}
	
}
