botswana_trade={
	location=4858
	inland=yes
	outgoing={
		name="zambezi"
		path={
			4872 4873 1189 1190 1191 
		}
		control={
			3211.000000 301.000000 3226.000000 360.000000 3256.000000 390.000000 3289.000000 400.000000 
		}
	}
	outgoing={
		name="cape_of_good_hope"
		path={
			4729 4728 4726 1178 1177 
		}
		control={
			3222.000000 265.000000 3252.000000 235.000000 3244.000000 208.000000 3221.000000 183.000000 3140.000000 130.000000 
		}
	}
	members={
		4858 4859 4860 4861 4862 4863 4864 4865 4866 4867 4868 4869 4870 4871 4872 4873 4874 4875 4876 4877 4878 4879 4880 4881 4882 
	}
}
siberia={
	location=1064
	inland=yes
	outgoing={
		name="kazan"
		path={
			1062 1064 480 479 472 475 1082 
		}
		control={
			4084.209961 1695.109985 3879.000000 1758.000000 3732.000000 1640.000000 3702.000000 1655.000000 3654.000000 1634.000000 
		}
	}
	outgoing={
		name="samarkand"
		path={
			480 478 477 1969 457 454 
		}
		control={
			4161.000000 1597.000000 4058.000000 1443.000000 3976.000000 1372.000000 3892.000000 1348.000000 
		}
	}
	members={
		4837 1782 1781 1071 479 1054 1059 1061 1062 1063 1064 1067 1068 1070 480 1069 1073 1074 1080 1078 1075 1076 2357 2369 2427 2428 2429 2430 2431 2432 2433 2434 2436 2437 2442 2443 2445 1072 1780 1045 2435 1051 2441 2354 716 1065 1066 1060 4836 4838 4841 4840 4839 
	}
}
samarkand={
	location=454
	inland=yes
	outgoing={
		name="persia"
		path={
			442 441 438 437 427 426 
		}
		control={
			3820.000000 1295.000000 3781.000000 1294.000000 3744.000000 1293.000000 3696.000000 1301.000000 3672.000000 1286.000000 3649.000000 1263.000000 
		}
	}
	outgoing={
		name="astrakhan"
		path={
			442 440 443 470 465 464 
		}
		control={
			3824.000000 1312.000000 3774.000000 1329.000000 3728.000000 1356.000000 3682.000000 1386.000000 3657.000000 1444.000000 3610.000000 1470.000000 
		}
	}
	outgoing={
		name="yumen"
		path={
			1967 4210 1786 
		}
		control={
			3880.000000 1304.000000 3983.000000 1286.000000 
		}
	}
	outgoing={
		name="kashmir"
		path={
			453 451 2226 2077 
		}
		control={
			3833.000000 1268.000000 3876.000000 1214.000000 3905.000000 1219.000000 
		}
	}
	members={
		440 441 442 444 445 453 454 455 456 457 459 476 477 1967 1969 1970 1973 461 478 2126 2370 2362 2363 2356 2364 2368 2355 2360 2361 2358 2352 2351 2353 2359 458 1968 2125 460 2350 437 438 439 443 2349 739 2124 2127 4209 4210 
	}
}
african_great_lakes={
	location=4064
	color={
		57 168 220 
	}
	inland=yes
	outgoing={
		name="zanzibar"
		path={
			1273 1202 
		}
		control={
			3351.000000 607.000000 3388.000000 610.000000 3416.000000 580.000000 
		}
	}
	outgoing={
		name="kongo"
		path={
			4063 4070 4099 
		}
		control={
			3299.000000 628.000000 3287.000000 595.000000 3270.000000 574.000000 3260.000000 559.000000 3231.000000 537.000000 
		}
	}
	members={
		1273 1649 1798 1799 1925 4053 4054 4055 4056 4057 4058 4059 4060 4061 4062 4063 4064 4065 4066 4067 4068 4069 4070 4071 4072 4073 4074 4075 4076 4077 
	}
}
zambezi={
	location=1191
	color={
		32 164 51 
	}
	inland=yes
	outgoing={
		name="zanzibar"
		path={
			1192 1195 1196 
		}
		control={
			3369.000000 358.000000 3436.000000 414.000000 3412.000000 515.000000 
		}
	}
	outgoing={
		name="kongo"
		path={
			1190 4108 4107 
		}
		control={
			3289.000000 409.000000 3212.000000 435.000000 
		}
	}
	members={
		1184 1185 1187 1188 1189 1190 1191 2950 2951 2952 4034 4035 4036 4037 4038 4039 4040 4041 4042 4043 4044 4045 4046 4047 4048 4050 4104 4106 4108 
	}
}
kongo={
	location=4097
	color={
		171 148 148 
	}
	inland=yes
	outgoing={
		name="ivory_coast"
		path={
			1170 1464 
		}
		control={
			3169.000000 587.000000 3115.000000 585.000000 3050.000000 593.000000 3007.000000 566.000000 2939.000000 618.000000 2930.000000 701.000000 
		}
	}
	members={
		798 1169 1170 1901 2948 2949 4081 4082 4083 4084 4085 4086 4087 4088 4089 4090 4091 4092 4093 4094 4095 4096 4107 4098 4100 4101 4102 4103 4097 4099 4105 4109 
	}
}
ethiopia={
	location=1224
	inland=yes
	outgoing={
		name="alexandria"
		path={
			1232 2321 361 358 
		}
		control={
			3350.000000 1051.000000 
		}
	}
	outgoing={
		name="katsina"
		path={
			2800 1219 1159 1157 2280 
		}
		control={
			3303.000000 871.000000 3240.000000 889.000000 3060.000000 839.000000 2985.000000 881.000000 
		}
	}
	outgoing={
		name="gulf_of_aden"
		path={
			2791 1212 
		}
		control={
			3428.000000 810.000000 3500.000000 825.000000 3588.000000 855.000000 
		}
	}
	members={
		774 1217 1218 1222 1228 2756 2757 2758 2759 2760 2761 2762 2763 2772 2791 2778 2785 2797 2766 2767 2769 2770 2771 2779 2780 2781 1224 1213 1223 1214 1216 1221 2800 2801 2802 1229 1225 1226 1227 1220 1207 1208 1210 2798 2799 1219 2776 2932 4033 4158 2777 4051 4052 
	}
}
persia={
	location=426
	color={
		204 119 31 
	}
	inland=yes
	outgoing={
		name="aleppo"
		path={
			1326 421 2202 2205 418 407 377 
		}
		control={
			3581.000000 1304.000000 3568.000000 1326.000000 3536.000000 1309.000000 3507.000000 1304.000000 3463.000000 1307.000000 3445.000000 1263.000000 
		}
	}
	outgoing={
		name="hormuz"
		path={
			2115 428 433 431 
		}
		control={
			3590.000000 1246.000000 3616.000000 1220.000000 3681.000000 1193.000000 3730.000000 1127.000000 
		}
	}
	members={
		414 2212 2215 429 433 2222 436 446 2221 2235 2236 427 428 2213 2216 417 426 2214 421 424 425 419 2202 2204 2205 416 2206 2207 411 415 2211 4170 4172 4177 4179 
	}
}
hormuz={
	location=1334
	outgoing={
		name="basra"
		path={
			2219 1335 
		}
		control={
			3687.000000 1082.000000 3650.000000 1073.000000 
		}
	}
	outgoing={
		name="gulf_of_aden"
		path={
			1336 1334 
		}
		control={
			3759.000000 1042.000000 3730.000000 968.000000 
		}
	}
	members={
		400 403 430 431 399 2218 2219 2223 2231 432 2234 434 435 2220 2233 397 398 404 575 2230 2232 2224 2229 1334 2333 2999 4171 
	}
}
basra={
	location=1335
	outgoing={
		name="aleppo"
		path={
			408 409 406 382 377 
		}
		control={
			3542.000000 1156.000000 3501.000000 1170.000000 3487.000000 1204.000000 3448.000000 1222.000000 3423.000000 1245.000000 
		}
	}
	members={
		1335 392 393 394 396 408 409 410 412 413 2209 2210 2217 2311 2312 2334 2335 2336 2337 2338 2339 2340 2347 395 2332 
	}
}
kashmir={
	location=508
	color={
		63 150 30 
	}
	inland=yes
	outgoing={
		name="lhasa"
		path={
			2077 2073 2074 2128 676 
		}
		control={
			3944.000000 1221.000000 3960.000000 1242.000000 4001.000000 1219.000000 4057.000000 1181.000000 4157.000000 1131.000000 
		}
	}
	outgoing={
		name="doab"
		path={
			2076 507 2065 520 524 
		}
		control={
			3962.000000 1181.000000 3980.000000 1136.000000 4003.000000 1111.000000 
		}
	}
	outgoing={
		name="indus"
		path={
			2078 2079 2072 505 
		}
		control={
			3934.000000 1168.000000 3909.000000 1127.000000 3867.000000 1091.000000 3871.000000 1066.000000 
		}
	}
	members={
		448 451 452 507 508 509 510 447 2225 578 1787 1785 2073 2074 2075 2076 2077 2078 2226 2227 2200 506 2065 2079 2086 511 2069 449 2228 450 
	}
}
indus={
	location=504
	color={
		135 104 85 
	}
	outgoing={
		name="goa"
		path={
			1337 1338 
		}
		control={
			3853.500000 1022.000000 
		}
	}
	outgoing={
		name="gulf_of_aden"
		path={
			1336 1333 1332 
		}
		control={
			3787.000000 1037.000000 3741.000000 957.000000 
		}
	}
	members={
		503 504 505 512 513 514 515 518 521 528 576 577 2051 2052 2053 2054 2056 2058 2066 2067 2068 2072 2087 2088 
	}
}
gulf_of_aden={
	location=1331
	outgoing={
		name="zanzibar"
		path={
			1446 1447 1448 
		}
		control={
			3619.000000 810.000000 3602.000000 764.000000 3521.500000 652.000000 
		}
	}
	outgoing={
		name="alexandria"
		path={
			1330 1329 1328 361 358 
		}
		control={
			3519.000000 847.000000 3465.000000 874.500000 3370.000000 1051.000000 3329.000000 1110.000000 3317.000000 1130.000000 3304.000000 1146.000000 3284.000000 1143.000000 
		}
	}
	members={
		2324 2775 2782 2783 2786 2788 2789 2790 2793 2794 2795 2024 386 387 388 389 390 391 401 402 1099 1205 1206 1209 1212 1215 1230 2341 2342 2343 2344 2345 2346 2765 2773 2792 2784 1211 2764 2768 2787 1232 1329 1330 1331 1779 2768 
	}
}
doab={
	location=524
	color={
		236 162 19 
	}
	inland=yes
	outgoing={
		name="goa"
		path={
			525 740 2057 527 2036 2034 1946 2030 
		}
		control={
			4035.000000 1084.000000 4025.000000 1048.000000 4017.000000 1024.000000 3988.000000 1002.000000 3962.000000 984.000000 3967.000000 953.000000 3973.000000 916.000000 
		}
	}
	outgoing={
		name="ganges_delta"
		path={
			2063 556 2095 558 2044 563 564 1343 
		}
		control={
			4056.000000 1086.000000 4076.000000 1067.000000 4106.000000 1059.000000 4130.000000 1065.000000 4151.000000 1062.000000 4180.000000 1056.000000 4192.000000 1042.000000 4216.000000 1029.000000 4224.000000 1000.000000 
		}
	}
	members={
		551 519 525 2063 558 524 2060 2061 2062 550 559 2094 523 2055 2047 520 556 2097 2095 2044 2059 555 522 2064 2092 2082 
	}
}
lhasa={
	location=677
	inland=yes
	outgoing={
		name="chengdu"
		path={
			2132 2167 675 679 
		}
		control={
			4286.000000 1196.000000 4365.000000 1197.000000 4427.310059 1151.910034 
		}
	}
	members={
		2129 2128 676 2070 2071 557 554 705 706 2134 4204 565 677 2130 4205 
	}
}
gulf_of_siam={
	location=1365
	color={
		84 152 93 
	}
	outgoing={
		name="malacca"
		path={
			1364 1362 1361 
		}
		control={
			4423.000000 767.000000 4441.000000 709.000000 4446.000000 665.000000 
		}
	}
	members={
		589 592 600 601 602 603 604 605 606 609 607 608 611 612 614 615 1817 1823 1844 1022 2374 2375 2376 2377 2378 2379 2380 2381 2382 2383 2384 2385 2386 2387 2388 2389 591 2404 2371 1365 
	}
}
chengdu={
	location=679
	inland=yes
	outgoing={
		name="canton"
		path={
			680 673 2163 2165 665 667 1371 
		}
		control={
			4506.000000 1143.000000 4513.000000 1093.000000 4498.000000 1039.000000 4528.000000 1030.000000 4568.000000 1025.000000 4580.000000 1023.000000 
		}
	}
	outgoing={
		name="xian"
		path={
			2169 689 700 
		}
		control={
			4474.000000 1173.000000 4519.000000 1194.000000 
		}
	}
	outgoing={
		name="ganges_delta"
		path={
			675 2167 2166 583 588 586 1345 1344 1343 
		}
		control={
			4416.000000 1100.000000 4408.000000 1080.000000 4399.000000 1078.000000 4390.000000 1084.000000 4375.000000 1078.000000 4350.000000 1049.000000 4344.000000 1029.000000 4345.000000 986.000000 4332.000000 968.000000 4324.000000 951.000000 4328.000000 915.000000 4294.000000 888.000000 4267.000000 913.000000 4257.000000 954.000000 
		}
	}
	members={
		588 679 2132 2167 678 2135 2131 2133 582 583 587 660 661 2165 2166 680 2395 2396 2397 2400 2401 679 680 4212 2169 2170 4211 675 2168 2748 4213 
	}
}
yumen={
	location=707
	inland=yes
	outgoing={
		name="xian"
		path={
			708 2162 2181 
		}
		control={
			4400.500000 1271.000000 4439.000000 1234.000000 
		}
	}
	outgoing={
		name="beijing"
		path={
			709 701 697 1816 
		}
		control={
			4429.000000 1321.000000 4520.000000 1311.000000 4583.000000 1333.000000 
		}
	}
	members={
		710 1786 707 708 711 714 719 1784 2118 2119 2123 2189 2190 2194 2182 2184 2122 4206 4207 717 721 2116 4219 4220 720 2193 4221 713 715 2120 4208 718 2117 4222 712 2121 2192 
	}
}
xian={
	location=700
	inland=yes
	outgoing={
		name="beijing"
		path={
			1836 692 2137 2140 691 2138 1375 1816 
		}
		control={
			4532.000000 1227.000000 4550.000000 1235.000000 4592.540039 1233.510010 4622.000000 1257.000000 4638.000000 1267.000000 4660.000000 1280.000000 4671.000000 1300.000000 
		}
	}
	outgoing={
		name="hangzhou"
		path={
			2171 2172 682 4197 686 1821 2145 
		}
		control={
			4542.000000 1182.000000 4569.000000 1142.000000 4595.000000 1155.000000 4623.000000 1139.000000 4651.000000 1167.000000 4664.000000 1186.000000 4694.000000 1176.000000 
		}
	}
	members={
		687 1836 2181 2180 698 699 688 692 2183 2175 2176 681 682 2171 2172 4197 689 700 2179 4198 701 709 2191 4223 
	}
}
goa={
	location=2030
	outgoing={
		name="comorin_cape"
		path={
			1339 1340 
		}
		control={
			3947.000000 855.000000 
		}
	}
	members={
		740 2057 530 531 532 2089 2030 2034 516 517 529 542 2036 526 527 544 545 2029 1946 569 2033 546 548 2035 1948 2028 2050 2037 2093 
	}
}
comorin_cape={
	location=1340
	outgoing={
		name="ganges_delta"
		path={
			1341 1342 
		}
		control={
			4037.000000 783.500000 4087.000000 890.500000 
		}
	}
	members={
		533 534 535 536 537 538 539 540 572 1340 1947 1949 2026 2027 2031 2083 2085 2090 2099 2100 2101 541 2032 1248 
	}
}
ganges_delta={
	location=1343
	outgoing={
		name="malacca"
		path={
			1344 1347 1348 
		}
		control={
			4232.000000 943.000000 4300.000000 813.000000 4370.000000 700.000000 
		}
	}
	members={
		573 1343 547 549 552 553 560 561 562 563 564 566 567 568 570 571 574 579 580 581 584 585 586 590 1788 1815 1950 2038 2039 2041 2042 2043 2045 2046 2048 2049 2080 2081 2091 2096 2098 2399 2402 2403 543 2040 2084 2398 
	}
}
malacca={
	location=1361
	outgoing={
		name="the_moluccas"
		path={
			1360 1358 1337 
		}
		control={
			4497.000000 629.000000 4554.000000 574.000000 4685.000000 550.000000 
		}
	}
	outgoing={
		name="canton"
		path={
			1362 1367 1394 
		}
		control={
			4470.500000 670.500000 4490.500000 730.500000 4555.000000 789.000000 4555.000000 910.000000 
		}
	}
	outgoing={
		name="philippines"
		path={
			1363 1368 1397 
		}
		control={
			4478.000000 653.000000 4528.000000 713.000000 4635.000000 771.000000 4680.000000 800.000000 4700.000000 840.000000 
		}
	}
	outgoing={
		name="zanzibar"
		path={
			1360 1352 1621 1450 
		}
		control={
			4478.000000 602.000000 4400.000000 540.000000 3969.000000 534.000000 
		}
	}
	outgoing={
		name="western_australia_trade"
		path={
			1360 1352 1641 1419 
		}
		control={
			4500.000000 599.000000 4411.000000 495.000000 4466.000000 321.000000 
		}
	}
	members={
		593 594 595 596 597 598 599 617 618 619 620 621 622 623 636 637 638 639 640 659 1361 2390 2391 2392 2393 2394 2673 2674 2675 2676 2677 2678 2679 2680 2681 2682 2683 2684 2685 2686 2703 2704 2705 2706 2707 2708 2709 2710 2711 2712 2740 
	}
}
zanzibar={
	location=1448
	color={
		130 17 17 
	}
	outgoing={
		name="cape_of_good_hope"
		path={
			1449 1456 1457 1458 1459 1460 
		}
		control={
			3492.000000 449.000000 3452.000000 374.500000 3388.000000 270.000000 3347.500000 175.000000 3233.000000 73.500000 
		}
	}
	outgoing={
		name="western_australia_trade"
		path={
			1450 1647 1640 
		}
		control={
			3615.000000 510.000000 3891.000000 331.000000 
		}
	}
	members={
		1448 788 1100 1102 1103 1183 1186 1192 1193 1194 1195 1196 1197 1198 1199 1200 1201 1202 1203 1204 1792 2796 2774 4020 4021 4022 4023 4024 4025 4026 4027 4028 4029 4030 4031 4032 4049 
	}
}
canton={
	location=1371
	outgoing={
		name="hangzhou"
		path={
			1372 1824 684 
		}
		control={
			4640.000000 1012.000000 4686.000000 1065.000000 4720.000000 1127.000000 
		}
	}
	outgoing={
		name="philippines"
		path={
			1394 1397 
		}
		control={
			4644.000000 947.000000 4672.000000 874.000000 4704.000000 866.000000 4711.000000 876.000000 4727.000000 885.000000 
		}
	}
	members={
		2161 1371 610 613 616 664 665 666 667 668 672 738 1016 1840 2154 2155 2156 2157 2158 2159 2160 2162 2163 2164 2173 2174 2372 671 2373 662 663 673 674 4199 
	}
}
hangzhou={
	location=684
	outgoing={
		name="beijing"
		path={
			684 1373 1374 1375 
		}
		control={
			4731.000000 1164.000000 4743.000000 1243.000000 4715.000000 1289.000000 4689.000000 1298.000000 
		}
	}
	outgoing={
		name="philippines"
		path={
			1373 1392 1396 
		}
		control={
			4697.000000 1151.000000 4783.000000 1092.000000 
		}
	}
	outgoing={
		name="nippon"
		path={
			1373 1389 
		}
		control={
			4730.000000 1155.000000 
		}
	}
	members={
		669 670 683 684 685 686 1821 1822 1824 1829 1833 1838 1897 2143 2144 2145 2146 2147 2148 2149 2150 2151 2152 2153 2141 2142 4196 
	}
}
beijing={
	location=1816
	outgoing={
		name="girin"
		path={
			4203 2110 
		}
		control={
			4673.000000 1393.000000 
		}
	}
	members={
		690 691 702 723 2138 2139 2140 2114 2115 2747 703 1816 2136 4194 695 696 2137 4195 704 726 2111 2112 2113 693 694 697 2177 2178 
	}
}
nippon={
	location=1376
	outgoing={
		name="girin"
		path={
			1377 2743 4201 730 
		}
		control={
			4826.000000 1304.000000 4800.000000 1347.000000 4793.000000 1366.000000 
		}
	}
	outgoing={
		name="california"
		path={
			1390 1439 1671 1672 1714 1693 1687 
		}
		control={
			4850.000000 1210.000000 4867.000000 1205.000000 4890.000000 1175.000000 5079.000000 1151.000000 5298.000000 1212.000000 5518.000000 1300.000000 289.000000 1350.000000 727.000000 1400.000000 
		}
	}
	outgoing={
		name="colima_trade"
		path={
			1389 1392 1437 1438 1674 1691 1692 1697 1715 1696 1695 1552 
		}
		control={
			4800.500000 1176.000000 4810.000000 1130.000000 4888.000000 1075.000000 5050.000000 1013.000000 5249.000000 1000.000000 5417.000000 981.000000 96.000000 1007.000000 295.000000 1020.000000 651.000000 1100.000000 831.000000 1112.000000 1029.000000 1117.000000 
		}
	}
	members={
		1376 1012 1014 1017 1018 1019 1020 1021 1023 1024 1025 1026 1027 1028 1029 1030 1031 1032 1818 1819 1820 1825 1830 1832 1835 1837 1839 1843 1847 1852 4131 4180 4181 4182 4183 4184 4185 4186 4187 4188 4189 4190 4191 4192 4193 1015 1845 2744 4232 732 2742 2743 733 735 4230 4231 734 736 2694 2745 4227 737 1013 2741 4228 4229 
	}
}
the_moluccas={
	location=1357
	outgoing={
		name="philippines"
		path={
			1359 1398 
		}
		control={
			4630.000000 570.500000 4675.000000 673.500000 4700.000000 770.500000 4745.000000 795.500000 
		}
	}
	outgoing={
		name="brisbane"
		path={
			1357 1401 1409 1410 1407 
		}
		control={
			4714.000000 557.000000 4812.000000 557.000000 4926.000000 522.000000 5019.000000 493.000000 5100.000000 452.000000 
		}
	}
	members={
		646 2687 2688 2689 2690 2718 2724 1357 1245 647 645 2717 648 649 650 2725 2696 2695 635 633 634 643 2713 2714 642 2715 641 2716 632 627 2691 631 2693 629 2692 628 626 625 630 624 644 2723 
	}
}
philippines={
	location=1397
	outgoing={
		name="colima_trade"
		path={
			1435 1698 1715 1707 
		}
		control={
			5000.000000 919.000000 5402.000000 794.000000 651.000000 1011.000000 1000.000000 1050.000000 
		}
	}
	outgoing={
		name="panama"
		path={
			1403 1434 1676 1734 1735 1736 1740 1741 1711 1708 1702 1547 1548 835 
		}
		control={
			5000.000000 760.000000 5302.000000 704.000000 5459.000000 734.000000 216.000000 832.000000 537.000000 822.000000 781.000000 795.000000 1011.000000 741.000000 1231.000000 754.000000 1437.000000 818.000000 1508.000000 921.000000 1535.000000 968.000000 
		}
	}
	outgoing={
		name="brisbane"
		path={
			1402 1404 1405 1406 
		}
		control={
			4850.000000 765.000000 5009.000000 650.000000 5095.000000 600.000000 5135.000000 530.000000 5177.000000 492.000000 5189.000000 397.000000 
		}
	}
	members={
		651 652 653 654 655 656 657 658 1235 1241 1990 1991 1992 1993 1994 1995 1996 2697 2698 2699 2700 2701 2702 1397 4832 4833 4834 4835 
	}
}
western_australia_trade={
	location=1417
	outgoing={
		name="brisbane"
		path={
			1419 1420 1408 1410 1407 
		}
		control={
			4569.000000 245.000000 4619.000000 354.000000 4850.000000 489.000000 5025.000000 481.000000 5104.259766 375.480011 
		}
	}
	outgoing={
		name="australia"
		path={
			1413 1416 1415 1414 
		}
		control={
			4691.000000 78.000000 4895.000000 68.000000 5135.000000 69.000000 
		}
	}
	members={
		4638 4639 4640 4853 4852 4856 1084 2727 2726 4855 4854 4632 2728 2729 4636 4637 4722 4720 4721 4634 4633 4851 4635 4723 1998 1999 1101 1417 
	}
}
brisbane={
	location=1411
	outgoing={
		name="australia"
		path={
			1411 1424 
		}
		control={
			5202.000000 276.000000 
		}
	}
	members={
		1092 4842 1091 4850 4770 4769 2733 1093 4773 4772 4771 4723 2730 2731 2732 4774 1237 2719 2720 2721 2722 1986 1239 1242 1243 1236 1238 4768 4767 4849 1094 1411 
	}
}
australia={
	location=1412
	outgoing={
		name="patagonia"
		path={
			1425 1423 1426 1731 1541 1540 1539 1538 1537 
		}
		control={
			5356.000000 155.000000 5530.000000 140.000000 5580.000000 90.000000 5900.000000 138.000000 958.000000 187.000000 1600.000000 236.000000 1670.000000 50.000000 1790.000000 19.000000 1760.000000 69.000000 1820.000000 150.000000 
		}
	}
	outgoing={
		name="lima"
		path={
			1412 1430 1733 1737 
		}
		control={
			5500.000000 250.000000 369.000000 300.000000 1009.000000 300.000000 
		}
	}
	members={
		4631 2736 1086 4848 4630 4629 4724 4847 4846 2734 1089 4845 4843 1090 1088 2735 1087 4844 1085 1109 1246 2738 1106 1107 1108 2737 2739 1989 1412 
	}
}
patagonia={
	location=2868
	outgoing={
		name="laplata"
		path={
			1537 1536 
		}
		control={
			1840.000000 159.000000 1912.000000 221.000000 
		}
	}
	members={
		2868 2876 2869 786 2873 2874 780 781 782 783 1095 2870 2875 2863 784 787 2862 785 2867 2871 2872 1988 1244 1987 
	}
}
cape_of_good_hope={
	location=1460
	outgoing={
		name="ivory_coast"
		path={
			1461 1462 1463 1464 1465 1466 
		}
		control={
			3032.500000 172.000000 2973.000000 355.000000 2999.000000 503.500000 2933.000000 610.000000 2916.500000 697.500000 
		}
	}
	members={
		1460 789 833 1175 1176 1177 1178 1179 1180 1181 1182 1173 1800 2856 2864 2880 1174 4726 4727 4728 4729 4730 4731 4732 4733 4734 
	}
}
aleppo={
	location=377
	outgoing={
		name="constantinople"
		path={
			1317 1848 322 317 1320 
		}
		control={
			3308.000000 1243.000000 3264.000000 1243.000000 3239.500000 1253.500000 3205.500000 1316.500000 
		}
	}
	outgoing={
		name="alexandria"
		path={
			1316 1315 358 
		}
		control={
			3353.000000 1241.000000 3335.000000 1200.000000 3284.000000 1180.000000 
		}
	}
	members={
		377 378 407 1849 382 1855 406 327 332 418 405 2303 2306 2307 2308 2309 2310 2313 2314 2301 2302 
	}
}
katsina={
	location=1149
	color={
		215 56 56 
	}
	inland=yes
	outgoing={
		name="timbuktu"
		path={
			1148 2273 2269 1133 2262 1132 
		}
		control={
			2899.000000 875.000000 2892.000000 894.000000 2852.000000 890.000000 2806.000000 912.000000 2790.000000 927.000000 
		}
	}
	outgoing={
		name="tunis"
		path={
			352 341 
		}
		control={
			2931.000000 880.000000 2998.000000 950.000000 3016.000000 1000.000000 3023.000000 1066.000000 2982.000000 1185.000000 2955.000000 1206.000000 
		}
	}
	members={
		1144 1146 1162 1145 1152 1153 1150 1154 1155 1156 1157 1158 1160 1161 1249 1149 1148 2273 2272 2274 2275 2276 2277 2278 2279 2280 2281 2282 2283 2284 2285 2286 2287 2288 2293 2475 1159 
	}
}
alexandria={
	location=358
	color={
		200 200 102 
	}
	outgoing={
		name="constantinople"
		path={
			362 363 1316 1932 318 317 1320 
		}
		control={
			3272.000000 1172.000000 3275.000000 1197.000000 3266.000000 1216.000000 3236.000000 1243.000000 3203.000000 1286.000000 3203.000000 1315.000000 3216.000000 1325.000000 3227.000000 1333.000000 
		}
	}
	outgoing={
		name="venice"
		path={
			1315 1318 145 1773 144 143 1310 1309 1308 
		}
		control={
			3253.000000 1183.000000 3216.000000 1220.000000 3160.000000 1229.000000 3130.000000 1251.000000 3108.000000 1291.000000 3100.000000 1332.000000 3090.500000 1356.000000 3042.000000 1383.000000 
		}
	}
	outgoing={
		name="tunis"
		path={
			1314 1313 1305 
		}
		control={
			3180.000000 1204.000000 3093.000000 1203.000000 
		}
	}
	members={
		383 384 385 163 358 359 360 361 362 363 364 365 379 380 1233 1234 1854 1231 2315 2316 2317 2318 2319 2320 2321 2322 2323 2325 2326 2327 2328 2329 2330 2331 381 320 321 1328 
	}
}
kazan={
	location=1082
	inland=yes
	outgoing={
		name="novgorod"
		path={
			306 307 308 312 310 
		}
		control={
			3474.000000 1641.000000 3427.000000 1649.000000 3396.000000 1686.000000 3370.000000 1720.000000 
		}
	}
	outgoing={
		name="astrakhan"
		path={
			2421 473 2419 2418 466 464 
		}
		control={
			3575.000000 1584.000000 3520.000000 1550.000000 3500.000000 1496.000000 3539.000000 1468.000000 
		}
	}
	members={
		304 305 306 307 473 475 1079 1081 1082 1083 1957 1962 1965 1966 1972 2420 2421 2422 2423 2444 
	}
}
astrakhan={
	location=464
	inland=yes
	outgoing={
		name="crimea"
		path={
			468 287 1323 
		}
		control={
			3486.000000 1439.000000 3417.000000 1425.000000 3342.000000 1405.000000 
		}
	}
	members={
		288 302 303 465 467 469 470 474 1971 2198 2199 2208 2365 2367 2366 2408 2409 2415 2418 2419 472 471 464 466 468 2416 2417 
	}
}
crimea={
	location=1322
	color={
		59 158 125 
	}
	outgoing={
		name="krakow"
		path={
			1756 2405 2961 1940 260 259 262 
		}
		control={
			3264.000000 1431.000000 3248.000000 1462.000000 3202.000000 1507.000000 3185.000000 1527.000000 3157.000000 1543.000000 3143.000000 1531.000000 
		}
	}
	outgoing={
		name="constantinople"
		path={
			1322 1321 1320 
		}
		control={
			3314.000000 1403.000000 3279.000000 1379.500000 
		}
	}
	members={
		1323 1322 462 1856 2196 463 2201 2195 2197 282 1974 2406 286 287 2413 2414 284 285 2410 2447 283 2411 2412 330 331 2305 420 422 423 2203 268 1756 2405 
	}
}
constantinople={
	location=1320
	color={
		126 203 120 
	}
	outgoing={
		name="ragusa"
		path={
			149 1765 1766 138 137 
		}
		control={
			3211.000000 1343.500000 3173.000000 1364.000000 3142.000000 1365.000000 3115.000000 1361.000000 
		}
	}
	members={
		1320 149 151 1764 323 324 1848 325 328 2299 329 1846 2300 2304 316 317 322 326 2296 318 319 2297 2298 2348 150 159 1765 2746 2750 160 161 2998 156 1951 4128 158 1952 
	}
}
novgorod={
	location=33
	color={
		97 126 37 
	}
	outgoing={
		name="baltic_sea"
		path={
			34 36 1926 
		}
		control={
			3262.000000 1736.000000 3194.000000 1730.000000 3156.000000 1720.000000 
		}
	}
	outgoing={
		name="white_sea"
		path={
			1261 309 1652 
		}
		control={
			3372.500000 1863.000000 
		}
	}
	members={
		30 32 33 274 294 295 308 309 310 311 312 314 1752 1959 1960 1961 2749 4117 4124 4147 4148 307 300 301 1778 1753 1754 1956 30 33 34 1961 296 
	}
}
cuiaba={
	location=800
	outgoing={
		name="laplata"
		path={
			800 1536 
		}
		control={
			1899.000000 558.000000 1905.000000 456.000000 1863.000000 344.000000 1870.000000 313.000000 1888.000000 301.000000 
		}
	}
	outgoing={
		name="lima"
		path={
			800 809 
		}
		control={
			1770.000000 628.000000 1670.000000 682.000000 
		}
	}
	members={
		800 2881 2902 2901 801 2835 2834 2838 794 2942 797 2941 2940 2946 795 793 2900 796 2840 2839 2837 792 791 2841 2836 802 804 2831 2947 803 2832 2833 775 776 799 2842 2882 2883 2888 2903 2904 2905 
	}
}
laplata={
	location=1536
	outgoing={
		name="brazil"
		path={
			1535 1534 1533 1532 1531 
		}
		control={
			2001.000000 329.000000 2074.000000 414.000000 2144.000000 481.000000 2213.000000 579.000000 
		}
	}
	members={
		772 773 777 778 779 790 1536 2025 2843 2844 2845 2846 2847 2848 2849 2850 2851 2852 2853 2854 2855 2857 2858 2859 2860 2861 2865 2866 2877 2878 2879 2884 2887 
	}
}
lima={
	location=809
	outgoing={
		name="panama"
		path={
			1545 1546 1547 1548 835 
		}
		control={
			1528.000000 687.000000 1486.000000 807.000000 1521.000000 913.000000 1551.000000 972.000000 
		}
	}
	members={
		812 2002 2821 2822 2826 816 817 819 820 2820 815 818 821 2823 2944 2945 813 2824 2825 2943 809 810 811 814 2827 807 808 2829 2830 805 806 2828 
	}
}
timbuktu={
	location=1132
	inland=yes
	outgoing={
		name="safi"
		path={
			1127 346 344 345 
		}
		control={
			2757.000000 962.000000 2731.000000 1075.000000 2706.000000 1124.000000 2672.000000 1130.000000 
		}
	}
	outgoing={
		name="ivory_coast"
		path={
			2263 1135 2252 2255 2257 1466 
		}
		control={
			2764.000000 887.000000 2769.000000 881.000000 2755.000000 822.000000 2755.000000 770.000000 2773.000000 750.000000 
		}
	}
	members={
		1115 2237 2240 1122 1125 2251 1135 1137 2265 2266 1136 2256 2267 2252 2253 2254 2255 1138 2247 1120 1121 1124 1123 1131 1132 1134 1133 1142 2243 2244 2245 2246 2248 2249 2250 2259 2260 2261 2262 2263 2264 2268 2269 2270 1127 1128 1129 1130 2271 1140 1143 2291 2292 2295 
	}
}
ivory_coast={
	location=1466
	outgoing={
		name="carribean_trade"
		path={
			1467 1468 1579 1577 1576 1522 1520 1519 1517 1516 
		}
		control={
			2696.000000 657.000000 2431.000000 777.000000 2279.000000 894.000000 2168.000000 934.000000 2002.000000 1051.000000 1858.000000 1098.000000 1743.000000 1106.000000 1651.000000 1122.000000 
		}
	}
	outgoing={
		name="sevilla"
		path={
			1467 1468 1470 1471 1566 1563 
		}
		control={
			2702.000000 692.000000 2568.000000 783.000000 2516.000000 940.000000 2548.000000 1064.000000 2617.000000 1127.000000 2641.000000 1223.000000 
		}
	}
	outgoing={
		name="brazil"
		path={
			1585 1586 1597 1596 
		}
		control={
			2788.000000 549.000000 2624.000000 550.000000 2480.000000 657.000000 
		}
	}
	members={
		1164 1165 1166 1096 1793 2241 1466 1097 1098 1118 1119 1151 1163 2242 1168 1306 4078 4079 4080 1126 1139 1141 2257 2258 1147 2289 2290 2294 1112 1113 1116 2239 1114 1117 2238 1167 1171 1172 
	}
}
brazil={
	location=1531
	outgoing={
		name="amazonas_node"
		path={
			1531 1530 1529 
		}
		control={
			2249.000000 710.000000 2168.000000 834.000000 
		}
	}
	members={
		1531 750 751 753 754 755 756 757 758 759 760 761 762 763 764 765 766 768 769 2885 2891 2892 2893 2894 2895 2896 2897 2898 2899 2906 2907 2908 2912 2913 2914 2915 2916 2917 2918 2919 2920 2921 2922 
	}
}
amazonas_node={
	location=2935
	outgoing={
		name="carribean_trade"
		path={
			1529 1528 1576 1522 1520 1519 1517 1516 
		}
		control={
			2062.000000 908.000000 2002.000000 1001.000000 1858.000000 1053.000000 1775.000000 1062.000000 1703.000000 1066.000000 1625.000000 1102.000000 
		}
	}
	members={
		1802 1803 2909 2910 2911 2929 2930 2931 2933 2934 2935 2889 2937 2938 2804 2811 742 743 744 2810 747 748 749 2890 2923 2924 2926 2927 2928 745 746 2936 834 502 743 744 2803 752 2886 2925 
	}
}
tunis={
	location=341
	color={
		146 134 57 
	}
	outgoing={
		name="sevilla"
		path={
			340 339 1301 1294 1293 
		}
		control={
			2927.000000 1239.000000 2892.000000 1249.000000 2856.000000 1284.500000 2777.000000 1247.500000 
		}
	}
	outgoing={
		name="genua"
		path={
			1302 1300 1297 
		}
		control={
			2941.000000 1280.000000 2914.500000 1317.500000 
		}
	}
	members={
		339 340 341 350 351 352 353 354 355 356 1882 2448 2449 2450 2451 2452 2453 2454 2455 2456 2457 2458 2472 2473 2474 2954 357 
	}
}
ragusa={
	location=137
	outgoing={
		name="wien"
		path={
			139 140 1767 1864 135 134 
		}
		control={
			3150.000000 1388.000000 3140.000000 1417.000000 3120.000000 1428.000000 3086.000000 1456.000000 3067.000000 1468.000000 
		}
	}
	outgoing={
		name="venice"
		path={
			136 1308 
		}
		control={
			3060.000000 1381.000000 
		}
	}
	outgoing={
		name="genua"
		path={
			1310 1311 1307 1304 1303 1298 1297 
		}
		control={
			3105.000000 1320.000000 3095.500000 1280.000000 3055.500000 1270.000000 3020.500000 1303.000000 2980.000000 1320.000000 2950.000000 1350.500000 2920.000000 1360.500000 
		}
	}
	members={
		137 138 139 140 141 142 143 144 145 146 147 1766 1767 1773 1827 1831 1853 3000 3002 3003 3001 4173 4174 4175 4176 152 131 148 1828 164 136 1826 
	}
}
safi={
	location=345
	color={
		191 110 62 
	}
	outgoing={
		name="sevilla"
		path={
			342 1293 
		}
		control={
			2655.000000 1168.000000 2667.000000 1183.000000 2698.000000 1198.000000 2709.000000 1228.000000 
		}
	}
	members={
		344 345 346 347 348 1110 2460 2464 2466 2467 2468 2469 2470 366 368 1111 2461 2465 336 337 342 343 349 2459 2462 2463 336 337 338 2461 2465 
	}
}
krakow={
	location=262
	inland=yes
	outgoing={
		name="wien"
		path={
			154 1772 134 
		}
		control={
			3110.000000 1518.000000 3078.000000 1506.000000 3073.000000 1485.000000 
		}
	}
	outgoing={
		name="baltic_sea"
		path={
			258 255 1859 43 1927 1926 
		}
		control={
			3140.000000 1544.000000 3140.000000 1564.000000 3095.000000 1580.000000 3096.000000 1605.000000 3118.000000 1637.000000 
		}
	}
	members={
		258 259 260 261 262 263 264 269 1940 256 257 1938 1939 254 255 2424 2959 2960 2961 2966 272 276 279 280 281 289 290 292 770 1937 1942 1943 1944 1945 2407 2962 4115 293 297 4116 275 276 292 771 4115 291 298 299 277 278 1941 4237 
	}
}
venice={
	location=1308
	color={
		54 167 156 
	}
	outgoing={
		name="wien"
		path={
			1769 128 132 
		}
		control={
			3021.000000 1442.000000 3028.000000 1456.000000 
		}
	}
	outgoing={
		name="genua"
		path={
			1308 1309 1310 1311 1307 1304 1303 1298 
		}
		control={
			3005.500000 1412.500000 3040.000000 1375.000000 3085.500000 1350.000000 3096.500000 1299.000000 3050.500000 1285.000000 2995.500000 1340.000000 2950.500000 1390.000000 2920.000000 1380.000000 
		}
	}
	members={
		1308 129 130 1769 108 111 112 1774 105 106 113 114 119 120 2976 2977 122 1933 2985 104 107 109 1862 
	}
}
wien={
	location=134
	color={
		220 220 220 
	}
	inland=yes
	outgoing={
		name="rheinland"
		path={
			133 64 1757 67 66 79 1876 
		}
		control={
			3033.000000 1484.000000 3006.000000 1499.000000 2992.000000 1505.000000 2955.000000 1511.000000 2946.000000 1516.000000 
		}
	}
	members={
		4240 64 65 76 128 132 133 134 135 153 154 1318 1757 1770 1772 1863 1864 2956 2957 4126 162 155 1953 1954 4125 68 1868 71 1872 73 110 1768 157 4127 
	}
}
baltic_sea={
	location=1926
	color={
		8 82 165 
	}
	outgoing={
		name="lubeck"
		path={
			1255 1257 45 
		}
		control={
			3089.000000 1696.000000 3072.000000 1648.000000 3044.000000 1636.000000 3015.000000 1620.000000 2984.000000 1605.000000 
		}
	}
	members={
		1926 1 2 3 4 5 1985 8 9 11 18 19 25 27 28 29 31 35 37 38 39 40 273 1930 1935 1936 41 42 43 1841 1859 767 1981 2958 2997 4113 4114 4123 4152 4166 270 2963 36 1834 1842 
	}
}
rheinland={
	location=78
	color={
		114 171 184 
	}
	inland=yes
	outgoing={
		name="champagne"
		path={
			83 1760 80 188 187 186 
		}
		control={
			2928.000000 1531.000000 2915.000000 1541.000000 2902.500000 1543.500000 2881.500000 1535.500000 
		}
	}
	outgoing={
		name="lubeck"
		path={
			1762 57 53 1857 45 
		}
		control={
			2954.000000 1549.000000 2946.000000 1562.000000 2952.000000 1579.000000 2972.000000 1591.500000 
		}
	}
	members={
		56 72 74 75 77 78 79 80 81 82 83 84 85 86 1760 1761 1869 1870 1876 1878 1880 2973 2975 166 1873 2972 1762 66 67 70 69 2955 94 93 
	}
}
white_sea={
	location=1652
	color={
		210 46 28 
	}
	outgoing={
		name="north_sea"
		path={
			1263 1264 1265 1929 1266 1975 
		}
		control={
			3453.000000 1897.000000 3447.000000 1948.000000 3339.000000 1992.000000 3187.000000 2034.000000 3076.000000 1993.000000 2987.000000 1944.000000 2942.000000 1864.000000 2862.000000 1790.000000 2868.000000 1711.000000 2847.000000 1660.000000 
		}
	}
	members={
		1652 313 315 1776 1777 1955 1958 1963 2425 2426 4122 4151 1077 1755 1963 1964 4129 
	}
}
lubeck={
	location=45
	color={
		190 70 70 
	}
	outgoing={
		name="english_channel"
		path={
			1857 44 1268 1269 1744 
		}
		control={
			2966.000000 1599.000000 2957.000000 1596.000000 2915.000000 1602.000000 2868.000000 1576.000000 
		}
	}
	outgoing={
		name="north_sea"
		path={
			1258 1259 1267 
		}
		control={
			3005.500000 1624.500000 2992.500000 1664.000000 2967.500000 1700.000000 2917.500000 1670.000000 
		}
	}
	members={
		6 12 13 14 15 16 17 22 26 44 45 46 47 48 53 54 55 1775 1857 1874 1858 1982 1983 1984 7 2993 2994 2995 2996 4141 4142 4143 4144 4149 4163 4164 4165 
	}
}
genua={
	location=1297
	color={
		218 215 56 
	}
	outgoing={
		name="sevilla"
		path={
			1296 1295 1294 
		}
		control={
			2880.000000 1353.500000 2823.500000 1326.000000 2800.500000 1270.000000 
		}
	}
	outgoing={
		name="champagne"
		path={
			201 200 203 1877 192 185 
		}
		control={
			2880.500000 1385.500000 2858.000000 1395.000000 2878.000000 1435.000000 2866.500000 1440.000000 2880.000000 1475.000000 
		}
	}
	members={
		1297 124 125 126 2982 115 116 117 2978 2980 118 121 2983 123 1934 2984 101 102 2992 103 1875 2979 2981 127 1247 2986 201 202 2991 203 204 205 196 200 2753 197 212 213 2987 220 333 1750 2988 211 214 2990 
	}
}
champagne={
	location=186
	color={
		193 26 14 
	}
	inland=yes
	outgoing={
		name="bordeaux"
		path={
			184 178 172 1275 
		}
		control={
			2832.000000 1470.000000 2805.000000 1459.000000 2785.000000 1452.000000 
		}
	}
	outgoing={
		name="english_channel"
		path={
			181 1866 92 1744 1269 
		}
		control={
			2862.000000 1510.000000 2858.000000 1532.000000 2865.000000 1540.000000 2871.000000 1550.000000 
		}
	}
	members={
		183 185 186 177 178 179 184 187 188 189 165 1867 1871 91 181 1866 1742 2974 191 192 193 1877 
	}
}
sevilla={
	location=1293
	color={
		57 160 101 
	}
	outgoing={
		name="dixie_trade"
		path={
			1292 1566 
		}
		control={
			2600.500000 1250.500000 2400.500000 1290.500000 1700.500000 1350.500000 
		}
	}
	outgoing={
		name="carribean_trade"
		path={
			1472 1578 1583 1524 
		}
		control={
			2615.000000 1230.000000 2385.000000 1162.000000 2053.000000 1162.000000 1720.000000 1210.000000 
		}
	}
	outgoing={
		name="bordeaux"
		path={
			1292 1291 1290 1278 
		}
		control={
			2641.500000 1268.500000 2623.000000 1351.000000 2665.000000 1400.000000 
		}
	}
	members={
		206 207 208 1746 215 216 231 232 1293 217 218 219 221 222 223 224 225 226 227 228 229 230 334 335 367 1745 1747 1748 1749 1751 1851 2754 2755 2989 2751 4150 
	}
}
bordeaux={
	location=1276
	color={
		36 132 247 
	}
	outgoing={
		name="chesapeake_bay"
		path={
			1277 1289 1563 1567 1568 1573 
		}
		control={
			2716.000000 1438.000000 2652.000000 1470.000000 2536.000000 1466.000000 2358.000000 1460.000000 2207.000000 1463.000000 1900.000000 1463.000000 1750.000000 1470.000000 
		}
	}
	outgoing={
		name="carolina_trade"
		path={
			1278 1290 1563 1582 1572 
		}
		control={
			2692.000000 1420.000000 2640.000000 1428.000000 2536.000000 1426.000000 2056.000000 1373.000000 1800.000000 1400.000000 
		}
	}
	outgoing={
		name="english_channel"
		path={
			1275 1274 1272 1271 
		}
		control={
			2756.000000 1449.500000 2724.500000 1480.000000 2759.000000 1505.000000 2830.000000 1520.000000 
		}
	}
	members={
		1276 170 171 172 173 174 175 176 180 194 209 210 169 190 195 198 199 4111 4112 
	}
}
english_channel={
	location=1269
	color={
		220 138 57 
	}
	outgoing={
		name="halifax_trade"
		path={
			1271 1272 1285 1564 1569 
		}
		control={
			2808.000000 1528.000000 2750.000000 1520.000000 2700.000000 1510.000000 2600.000000 1560.000000 2363.000000 1590.000000 2000.000000 1550.000000 1850.000000 1590.000000 
		}
	}
	outgoing={
		name="chesapeake_bay"
		path={
			1271 1272 1285 1563 1568 1573 
		}
		control={
			2818.000000 1525.000000 2750.000000 1510.000000 2700.000000 1490.000000 2536.000000 1500.000000 2207.000000 1510.000000 1900.000000 1520.000000 
		}
	}
	outgoing={
		name="north_sea"
		path={
			1269 1975 
		}
		control={
			2868.000000 1576.000000 
		}
	}
	members={
		1269 167 168 1879 99 100 1931 96 97 98 92 95 1744 87 90 1865 88 89 182 1743 233 234 235 4130 236 238 1860 237 239 243 1861 240 241 242 1269 1270 1271 
	}
}
north_sea={
	location=1975
	color={
		117 165 188 
	}
	outgoing={
		name="halifax_trade"
		path={
			1299 1498 1494 
		}
		control={
			2738.000000 1743.000000 2538.000000 1743.000000 1944.000000 1610.000000 
		}
	}
	members={
		1975 10 20 21 23 24 248 249 250 251 252 253 369 370 371 1978 1979 2752 246 247 372 373 374 375 376 244 245 4110 4118 4119 4120 4121 4145 1266 1280 1281 1282 1929 4153 4146 
	}
}
girin={
	location=730
	color={
		41 82 45 
	}
	outgoing={
		name="vancouver_trade"
		path={
			1378 4226 1386 1441 1667 1666 1680 1561 1560 1559 
		}
		control={
			4857.000000 1353.000000 4919.000000 1360.000000 4991.000000 1433.000000 5152.000000 1492.000000 5372.000000 1585.000000 5465.000000 1714.000000 130.000000 1801.000000 470.000000 1901.000000 610.000000 1911.000000 
		}
	}
	outgoing={
		name="california"
		path={
			2108 4226 1387 4225 1670 1688 1556 
		}
		control={
			4830.000000 1350.000000 4919.000000 1320.000000 4970.000000 1330.000000 5050.000000 1360.000000 5507.000000 1389.000000 600.000000 1490.000000 
		}
	}
	members={
		1850 1049 2107 2108 2111 2106 2186 1058 2102 2104 1053 2103 1034 1035 1036 1037 1038 1039 1040 1041 1042 1043 1044 1046 1047 1052 1783 2438 2439 2440 2446 2742 2743 2744 1055 1056 1057 730 2110 2188 4201 1033 1048 1050 4214 4216 729 731 2105 4215 4217 722 2109 2187 4202 4203 724 725 4218 727 728 2185 4200 
	}
}
athabasca_trade={
	location=2599
	color={
		200 200 200 
	}
	outgoing={
		name="james_bay"
		path={
			4799 4797 2594 1005 
		}
		control={
			1120.000000 1911.000000 1185.000000 1862.000000 1278.000000 1855.000000 1405.000000 1910.000000 1495.000000 1900.000000 
		}
	}
	outgoing={
		name="great_plains_trade"
		path={
			2017 2004 
		}
		control={
			1081.000000 1787.000000 
		}
	}
	outgoing={
		name="vancouver_trade"
		path={
			2600 2601 2603 4805 4811 974 
		}
		control={
			1018.000000 1883.000000 982.000000 1855.000000 931.000000 1844.000000 878.000000 1890.000000 860.000000 1822.000000 
		}
	}
	members={
		1005 4796 2594 1006 4798 4797 4800 4799 2595 4801 4802 4803 2599 2600 2601 4804 2603 4806 4807 4805 4811 4810 4808 4809 4820 
	}
}
ungava_trade={
	location=4791
	color={
		55 105 184 
	}
	outgoing={
		name="st_lawrence"
		path={
			4789 2580 4777 
		}
		control={
			1696.000000 1766.000000 1655.000000 1740.000000 1665.000000 1710.000000 
		}
	}
	outgoing={
		name="halifax_trade"
		path={
			4785 2575 1493 1495 1494 
		}
		control={
			1794.000000 1812.000000 1838.000000 1804.000000 1940.000000 1835.000000 1976.000000 1750.000000 2013.000000 1653.000000 1940.000000 1630.000000 1870.000000 1625.000000 
		}
	}
	outgoing={
		name="james_bay"
		path={
			4790 999 
		}
		control={
			1657.000000 1810.000000 1570.000000 1815.000000 
		}
	}
	members={
		4816 4815 4814 4818 4817 4819 4813 4812 998 4793 999 4790 4791 4785 2575 4789 4783 4784 4786 4792 2574 4788 4824 4831 4822 4823 4821 4825 4826 2574 
	}
}
james_bay={
	location=1486
	color={
		220 178 155 
	}
	outgoing={
		name="st_lawrence"
		path={
			1000 2581 992 993 990 994 1490 
		}
		control={
			1555.000000 1800.000000 1575.000000 1760.000000 1600.000000 1710.000000 1565.000000 1685.000000 1610.000000 1660.000000 
		}
	}
	outgoing={
		name="great_lakes_trade"
		path={
			2588 4617 
		}
		control={
			1530.000000 1785.000000 1490.000000 1760.000000 1430.000000 1760.000000 1430.000000 1710.000000 
		}
	}
	members={
		2580 4538 2585 4537 992 2581 4535 991 4699 4698 2592 1002 2588 2589 2590 2591 1000 1003 1004 1007 2593 1486 4781 4778 4777 4776 4775 4779 4780 4782 4794 4795 4796 1806 4793 4828 4827 4830 4829 4697 1001 2015 4572 2671 
	}
}
vancouver_trade={
	location=1558
	color={
		44 130 117 
	}
	outgoing={
		name="california"
		path={
			1557 1556 
		}
		control={
			829.000000 1602.000000 850.000000 1530.000000 
		}
	}
	outgoing={
		name="great_plains_trade"
		path={
			973 2606 2604 2605 2602 
		}
		control={
			880.000000 1704.000000 910.000000 1725.000000 910.000000 1750.000000 937.000000 1784.000000 
		}
	}
	outgoing={
		name="basin_trade"
		path={
			873 2488 2019 2020 
		}
		control={
			876.000000 1664.000000 923.000000 1652.000000 967.000000 1670.000000 987.000000 1640.000000 1000.000000 1605.000000 1030.000000 1595.000000 
		}
	}
	members={
		872 2482 873 2486 2003 2604 2605 2606 2607 874 2484 2485 972 973 974 2610 975 2022 2609 978 979 2611 2612 976 977 2613 4552 4553 972 1558 2483 2488 2487 2019 2489 4600 4599 
	}
}
california={
	location=1556
	color={
		117 38 143 
	}
	outgoing={
		name="los_angeles_trade"
		path={
			4735 868 1555 
		}
		control={
			895.000000 1461.000000 
		}
	}
	outgoing={
		name="basin_trade"
		path={
			4511 4517 
		}
		control={
			941.000000 1540.000000 931.000000 1600.000000 970.000000 1610.000000 1000.000000 1595.000000 
		}
	}
	members={
		4501 4500 2481 2477 2480 4738 2479 4676 871 4596 4658 4502 4503 2021 4595 4598 4740 4504 4550 4575 4505 2537 869 4735 4739 870 4506 1556 
	}
}
basin_trade={
	location=2490
	color={
		217 84 84 
	}
	inland=yes
	outgoing={
		name="rio_grande"
		path={
			4521 4523 4526 889 891 
		}
		control={
			1088.000000 1556.000000 1120.000000 1540.000000 1165.000000 1512.000000 1200.000000 1500.000000 
		}
	}
	outgoing={
		name="great_plains_trade"
		path={
			2020 2489 4600 2006 2501 2004 
		}
		control={
			1088.000000 1575.000000 1088.000000 1602.000000 1077.000000 1632.000000 1070.000000 1663.000000 1070.000000 1699.000000 
		}
	}
	outgoing={
		name="los_angeles_trade"
		path={
			4521 4520 2491 4507 
		}
		control={
			1078.000000 1546.000000 1088.000000 1506.000000 1048.000000 1475.000000 1017.000000 1470.000000 960.000000 1437.000000 
		}
	}
	members={
		880 881 2492 2495 875 878 2494 4518 2490 4521 4520 4519 4522 4523 4604 4601 2020 2489 2490 4517 4514 4511 4513 4515 4516 
	}
}
los_angeles_trade={
	location=1555
	color={
		244 184 12 
	}
	outgoing={
		name="colima_trade"
		path={
			1555 1554 
		}
		control={
			997.000000 1305.000000 
		}
	}
	members={
		4512 876 877 2491 879 2493 4508 868 4736 4737 2478 4507 867 4509 2476 2620 865 4744 866 4742 4741 2616 1555 
	}
}
great_plains_trade={
	location=2598
	color={
		64 40 22 
	}
	inland=yes
	outgoing={
		name="great_lakes_trade"
		path={
			2005 1010 1008 2016 2517 4616 1663 4615 
		}
		control={
			1182.000000 1750.000000 1260.000000 1731.000000 1300.000000 1696.000000 1351.000000 1663.000000 1398.000000 1681.000000 1436.000000 1687.000000 
		}
	}
	outgoing={
		name="rio_grande"
		path={
			2502 2625 
		}
		control={
			1130.000000 1730.000000 1190.000000 1690.000000 1230.000000 1650.000000 1250.000000 1600.000000 1300.000000 1550.000000 
		}
	}
	outgoing={
		name="mississippi_river"
		path={
			2510 909 2007 903 902 
		}
		control={
			1208.000000 1710.000000 1250.000000 1658.000000 1270.000000 1620.000000 1310.000000 1591.000000 1330.000000 1530.000000 
		}
	}
	members={
		4691 4692 912 4696 4694 908 2512 905 906 907 909 2007 2008 1008 1010 2016 2511 1009 2005 2596 2598 1011 1813 2597 2004 2017 2018 2602 2006 2501 2502 2503 2510 2517 4700 4693 910 4571 2518 914 4566 
	}
}
panama={
	location=835
	outgoing={
		name="carribean_trade"
		path={
			1515 1517 1516 
		}
		control={
			1586.000000 1044.000000 1607.000000 1125.000000 
		}
	}
	outgoing={
		name="mexico"
		path={
			2664 1549 1550 
		}
		control={
			1533.000000 1001.000000 1444.000000 1020.000000 
		}
	}
	members={
		839 840 2637 2640 2662 837 838 2660 2661 2663 826 835 836 2664 2819 828 829 2806 824 825 827 832 2817 2812 2814 2815 822 823 2816 2818 4758 4759 4761 4760 4762 4763 4764 4766 4765 
	}
}
mexico={
	location=1550
	color={
		109 170 26 
	}
	outgoing={
		name="colima_trade"
		path={
			1551 1552 
		}
		control={
			1258.000000 1125.000000 
		}
	}
	outgoing={
		name="gulf_of_mexico_trade"
		path={
			2649 2632 1510 1511 
		}
		control={
			1337.000000 1140.000000 1361.000000 1159.000000 1353.000000 1191.000000 
		}
	}
	members={
		1551 854 2617 2621 2657 851 2622 2623 2624 2643 849 2627 2645 2648 850 852 2626 2628 2644 848 2630 2631 2641 2647 844 847 2629 2646 2632 2635 2638 2649 841 842 843 2636 2653 845 2633 2650 2651 846 2634 2652 853 856 857 2615 2642 1550 4750 4752 4751 4755 4754 4756 4757 
	}
}
colima_trade={
	location=1552
	color={
		48 64 126 
	}
	outgoing={
		name="gulf_of_mexico_trade"
		path={
			2621 2615 2642 2641 
		}
		control={
			1195.000000 1200.000000 1233.000000 1214.000000 1257.000000 1215.000000 
		}
	}
	outgoing={
		name="rio_grande"
		path={
			2617 856 2619 861 2500 
		}
		control={
			1195.000000 1222.000000 1193.000000 1257.000000 1212.000000 1290.000000 1206.000000 1394.000000 
		}
	}
	members={
		851 2622 2624 2643 854 2617 2621 2657 853 856 857 2615 2642 861 2619 2614 860 863 864 2618 855 859 862 1552 4743 4745 4746 4749 4748 
	}
}
rio_grande={
	location=891
	color={
		139 117 96 
	}
	inland=yes
	outgoing={
		name="mississippi_river"
		path={
			896 897 
		}
		control={
			1330.000000 1460.000000 1380.000000 1430.000000 1400.000000 1480.000000 
		}
	}
	outgoing={
		name="gulf_of_mexico_trade"
		path={
			886 888 
		}
		control={
			1280.000000 1421.000000 1290.000000 1380.000000 1360.000000 1270.000000 
		}
	}
	members={
		4884 997 2667 2666 883 2498 883 886 2500 882 885 2496 2497 891 892 896 2509 4524 4525 4526 889 890 2506 2507 2625 898 901 2508 2672 1809 2009 2504 2505 903 887 
	}
}
mississippi_river={
	location=4585
	color={
		44 130 117 
	}
	inland=yes
	outgoing={
		name="gulf_of_mexico_trade"
		path={
			4588 897 2014 893 1507 
		}
		control={
			1415.000000 1470.000000 1410.000000 1440.000000 1390.000000 1397.000000 1380.000000 1363.000000 1420.000000 1340.000000 
		}
	}
	outgoing={
		name="ohio"
		path={
			2520 2573 
		}
		control={
			1418.000000 1505.000000 1460.000000 1510.000000 
		}
	}
	outgoing={
		name="great_lakes_trade"
		path={
			916 915 4563 1662 4613 4612 4611 
		}
		control={
			1400.000000 1550.000000 1431.000000 1578.000000 1445.000000 1600.000000 1448.000000 1629.000000 1468.000000 1647.000000 
		}
	}
	outgoing={
		name="dixie_trade"
		path={
			939 918 4681 2531 
		}
		control={
			1430.000000 1483.000000 1430.000000 1450.000000 1465.000000 1442.000000 
		}
	}
	members={
		4883 4885 2014 2669 918 899 2515 894 895 897 2514 939 919 920 2528 2529 4706 4586 4585 4587 4588 4597 900 902 2513 2514 905 904 4695 913 915 916 917 2519 2520 
	}
}
ohio={
	location=4574
	color={
		136 79 101 
	}
	inland=yes
	outgoing={
		name="chesapeake_bay"
		path={
			948 4625 2554 4620 
		}
		control={
			1522.000000 1531.000000 1586.000000 1563.000000 1620.000000 1522.000000 
		}
	}
	outgoing={
		name="great_lakes_trade"
		path={
			4703 4609 
		}
		control={
			1494.000000 1568.000000 
		}
	}
	outgoing={
		name="carolina_trade"
		path={
			949 937 4642 
		}
		control={
			1530.000000 1495.000000 1570.000000 1495.000000 1610.000000 1465.000000 
		}
	}
	members={
		934 2527 935 2548 941 4710 4709 940 4707 4708 4573 4711 951 2551 4574 4576 2526 2523 4705 946 948 2525 4556 4702 4627 4624 2555 954 4625 4626 4704 4701 942 2524 943 4556 4703 947 4628 
	}
}
halifax_trade={
	location=4551
	color={
		117 38 143 
	}
	outgoing={
		name="st_lawrence"
		path={
			1492 1494 1491 1490 4608 
		}
		control={
			1840.000000 1635.000000 1920.000000 1650.000000 1870.000000 1690.000000 1780.000000 1730.000000 
		}
	}
	outgoing={
		name="chesapeake_bay"
		path={
			1499 1500 
		}
		control={
			1800.000000 1610.000000 
		}
	}
	members={
		2562 970 2013 2565 971 2566 985 2570 4548 4549 984 2568 4551 982 983 2569 2571 2572 996 980 981 2573 997 1104 1105 1492 4787 2564 4544 4545 
	}
}
st_lawrence={
	location=4533
	color={
		193 192 14 
	}
	outgoing={
		name="great_lakes_trade"
		path={
			4534 4532 4536 4593 4594 4617 
		}
		control={
			1683.000000 1675.000000 1650.000000 1660.000000 1630.000000 1641.000000 1601.000000 1612.000000 1576.000000 1610.000000 
		}
	}
	outgoing={
		name="chesapeake_bay"
		path={
			2583 2584 963 965 
		}
		control={
			1696.000000 1668.000000 1662.000000 1647.000000 1650.000000 1588.000000 
		}
	}
	members={
		964 969 2563 4543 2559 2567 4546 4536 2579 990 993 2584 4532 4606 986 2012 2582 2583 4547 4534 4533 994 995 2577 2576 2578  960 961
	}
}
chesapeake_bay={
	location=1500
	color={
		46 114 55 
	}
	outgoing={
		name="great_lakes_trade"
		path={
			956 2023 4580 4578 1660 4529 
		}
		control={
			1624.000000 1557.000000 1613.000000 1572.000000 1602.000000 1588.000000 1575.000000 1593.000000 1540.000000 1585.000000 1520.000000 1590.000000 
		}
	}
	outgoing={
		name="carolina_trade"
		path={
			1500 1501 
		}
		control={
			1664.000000 1522.000000 
		}
	}
	members={
		4579 950 952 2550 953 2554 4618 4619 4620 957 2553 2556 4623 2557 968 2561 955 956 2023 4621 4622 963 2558 4542 4584 4541 2639 965 4540 4539 962 4583 4582 4581 4580 966 967 2010 2560 1500 958 
	}
}
carolina_trade={
	location=1501
	color={
		113 11 43 
	}
	outgoing={
		name="dixie_trade"
		path={
			1502 2539 
		}
		control={
			1580.000000 1400.000000 
		}
	}
	members={
		2011 949 2549 4683 4682 2544 4647 938 2547 4642 4641 4643 937 4645 4644 4646 4649 2546 4650 2543 932 2542 4659 4655 4653 4654 4647 4648 933 2545 2544 4651 4652 2540 4660 4656 4650 2543 932 2542 1501 
	}
}
carribean_trade={
	location=1516
	color={
		73 147 29 
	}
	outgoing={
		name="dixie_trade"
		path={
			1525 1505 1506 2533 4671 4667 
		}
		control={
			1643.000000 1211.000000 1531.000000 1274.000000 1480.000000 1383.000000 
		}
	}
	outgoing={
		name="gulf_of_mexico_trade"
		path={
			1518 1512 
		}
		control={
			1547.000000 1184.000000 
		}
	}
	members={
		927 926 2536 484 485 2656 486 2654 2655 488 489 490 2658 2659 487 481 491 492 482 483 493 494 495 496 1881 497 498 499 500 501 830 2807 2813 741 831 2808 834 2805 2809 2810 2939 1516 4718 4713 4715 4712 4714 4716 
	}
}
dixie_trade={
	location=930
	color={
		229 178 153 
	}
	outgoing={
		name="gulf_of_mexico_trade"
		path={
			4675 925 922 
		}
		control={
			1445.000000 1400.000000 1435.000000 1380.000000 1450.000000 1340.000000 1435.000000 1290.000000 
		}
	}
	members={
		2541 4657 929 2540 4660 4656 4661 4662 930 931 2538 4674 4667 4663 2539 4665 4664 4666 4670 4668 4673 4669 4671 4672 924 925 2532 4678 4677 4679 4680 4684 4675 4681 2531 
	}
}
great_lakes_trade={
	location=1661
	color={
		46 110 176 
	}
	members={
		989 4578 4531 4530 2670 4527 987 4529 4554 4555 4577 2521 4557 4558 4559 4591 4589 4570 911 2587 2586 988 4562 4561 4560 945 4563 4564 4565 4590 4567 4569 4528 4568 1661 2522 944 959
	}
	end=yes
}
gulf_of_mexico_trade={
	location=1511
	color={
		239 114 35 
	}
	members={
		4717 2535 4719 928 2534 921 922 923 2530 2533 893 2516 2665 888 884 858 2499 2668 848 2630 2631 2641 2647 2632 845 2633 2650 2651 846 2652 928 1511 4747 4753 
	}
	end=yes
}
